0	10.979198	10.978234	1.680672e-06	218651.20	10.0060	2.3978
100	6.855378	6.805964	1.697479e-04	266452.92	1.1929	1.9677
200	6.130370	6.164285	3.378151e-04	262726.16	0.7874	1.9956
300	5.843096	5.793953	5.058824e-04	279067.09	0.7899	1.8787
400	5.344793	5.441670	5.999708e-04	279097.90	0.6254	1.8785
500	5.015353	5.122221	5.996767e-04	267195.79	0.7726	1.9622
600	4.643519	4.841405	5.990667e-04	266198.86	0.5363	1.9695
700	4.607920	4.650551	5.981416e-04	265430.05	0.6947	1.9752
800	4.458138	4.478716	5.969025e-04	267112.84	0.7515	1.9628
900	4.280221	4.281386	5.953507e-04	278993.73	0.5435	1.8792
1000	4.181629	4.161178	5.934880e-04	267007.61	0.5258	1.9636
1100	3.936924	4.076387	5.913168e-04	279050.52	0.4039	1.8788
1200	3.878588	4.015326	5.888395e-04	265202.46	0.4770	1.9769
1300	3.946106	3.960098	5.860590e-04	266528.50	0.5644	1.9671
1400	3.980008	3.907210	5.829786e-04	265724.95	0.5332	1.9730
1500	3.895194	3.863321	5.796019e-04	266140.54	0.4169	1.9700
1600	3.817364	3.834647	5.759328e-04	265450.68	0.5653	1.9751
1700	3.764979	3.794102	5.719757e-04	278480.59	0.4370	1.8827
1800	3.643885	3.760835	5.677351e-04	265304.08	0.4174	1.9762
1900	3.587270	3.744186	5.632161e-04	278787.25	0.3650	1.8806
2000	3.772007	3.718249	5.584239e-04	278933.14	0.4401	1.8796
2100	3.678450	3.696550	5.533642e-04	263282.68	0.4014	1.9914
2200	3.692290	3.674628	5.480428e-04	265783.20	0.3231	1.9726
2300	3.620840	3.653322	5.424661e-04	265564.34	0.3561	1.9742
2400	3.622078	3.635755	5.366405e-04	278741.43	0.3220	1.8809
2500	3.466029	3.626024	5.305728e-04	265351.54	0.3735	1.9758
2600	3.400018	3.608933	5.242702e-04	265180.53	0.2991	1.9771
2700	3.561717	3.592059	5.177401e-04	278987.44	0.3780	1.8793
2800	3.586651	3.577573	5.109901e-04	279279.63	0.3511	1.8773
2900	3.595161	3.564552	5.040281e-04	279316.91	0.3646	1.8770
3000	3.539522	3.551699	4.968622e-04	265994.67	0.3135	1.9710
3100	3.456538	3.542144	4.895009e-04	265149.65	0.3241	1.9773
3200	3.463305	3.530597	4.819528e-04	278573.74	0.3155	1.8820
3300	3.367800	3.520165	4.742267e-04	265383.66	0.3321	1.9756
3400	3.336265	3.518440	4.663316e-04	267090.75	0.3204	1.9630
3500	3.490834	3.504249	4.582769e-04	267889.22	0.3625	1.9571
3600	3.535456	3.491549	4.500719e-04	279659.27	0.3411	1.8747
3700	3.468846	3.492497	4.417263e-04	265748.81	0.3574	1.9729
3800	3.449817	3.474400	4.332498e-04	266160.20	0.3209	1.9698
3900	3.423270	3.468534	4.246524e-04	277162.53	0.3463	1.8916
4000	3.292762	3.458586	4.159441e-04	214006.46	0.3175	2.4499
4100	3.267105	3.455015	4.071352e-04	263363.55	0.3583	1.9907
4200	3.500320	3.443129	3.982359e-04	278595.18	0.3158	1.8819
4300	3.485169	3.436726	3.892567e-04	266084.17	0.3470	1.9704
4400	3.428934	3.427793	3.802080e-04	278897.98	0.2931	1.8799
4500	3.406154	3.423072	3.711006e-04	279616.58	0.3086	1.8750
4600	3.362498	3.414524	3.619450e-04	267433.68	0.3236	1.9604
4700	3.222312	3.409488	3.527520e-04	274267.28	0.3057	1.9116
4800	3.220137	3.405795	3.435324e-04	266255.28	0.2977	1.9691
4900	3.453433	3.401536	3.342969e-04	265705.85	0.3433	1.9732
5000	3.356150	3.385280	3.250563e-04	276700.82	0.2863	1.8948
5100	3.407622	3.381738	3.158216e-04	267533.34	0.3264	1.9597
5200	3.368528	3.377125	3.066035e-04	265278.57	0.3111	1.9764
5300	3.306521	3.371529	2.974128e-04	278983.28	0.3005	1.8793
5400	3.038092	3.369671	2.882602e-04	271697.77	0.3702	1.9297
5500	3.243236	3.367301	2.791565e-04	265241.50	0.3039	1.9766
5600	3.379261	3.357206	2.701124e-04	278586.98	0.3224	1.8820
5700	3.348744	3.353866	2.611385e-04	262905.69	0.2835	1.9942
5800	3.292159	3.345233	2.522451e-04	274173.50	0.3095	1.9122
5900	3.338486	3.340394	2.434429e-04	266693.14	0.3017	1.9659
6000	3.333930	3.335055	2.347421e-04	267185.56	0.3076	1.9623
6100	3.311213	3.328128	2.261528e-04	279274.85	0.2762	1.8773
6200	3.250834	3.324287	2.176851e-04	267238.62	0.2967	1.9619
6300	3.237066	3.319511	2.093490e-04	277952.87	0.2842	1.8862
6400	3.238461	3.313746	2.011543e-04	273213.03	0.2995	1.9190
6500	3.328901	3.307540	1.931104e-04	266268.23	0.3033	1.9690
6600	3.328242	3.302778	1.852269e-04	264422.84	0.3062	1.9828
6700	3.290999	3.299425	1.775130e-04	260258.24	0.2851	2.0145
6800	3.323676	3.295436	1.699776e-04	267490.62	0.3508	1.9600
6900	3.275652	3.291408	1.626297e-04	279294.52	0.3546	1.8772
7000	3.305312	3.288608	1.554779e-04	272476.41	0.3249	1.9242
7100	3.284420	3.287240	1.485304e-04	277739.98	0.3112	1.8877
7200	3.231435	3.283838	1.417955e-04	265677.86	0.2749	1.9734
7300	3.268624	3.279270	1.352811e-04	262712.70	0.2845	1.9957
7400	3.249898	3.274676	1.289947e-04	264900.06	0.2838	1.9792
7500	3.322575	3.271582	1.229438e-04	266208.32	0.3011	1.9695
7600	3.208999	3.269472	1.171354e-04	263311.15	0.2772	1.9911
7700	3.246384	3.266388	1.115763e-04	279151.68	0.2972	1.8781
7800	3.241811	3.263355	1.062730e-04	272845.26	0.3074	1.9216
7900	3.261717	3.260559	1.012318e-04	278621.07	0.2766	1.8817
8000	3.289828	3.257683	9.645859e-05	205353.05	0.2824	2.5531
8100	3.251629	3.256854	9.195890e-05	278354.19	0.2770	1.8835
8200	3.232241	3.257068	8.773802e-05	265462.81	0.2925	1.9750
8300	3.320938	3.253457	8.380090e-05	265653.01	0.2788	1.9736
8400	3.264600	3.250501	8.015216e-05	278760.59	0.2958	1.8808
8500	3.248607	3.247940	7.679606e-05	265024.36	0.2813	1.9783
8600	3.261211	3.247884	7.373653e-05	263523.59	0.2955	1.9895
8700	3.237202	3.244172	7.097717e-05	265912.93	0.2739	1.9717
8800	3.218461	3.243507	6.852120e-05	266254.93	0.2811	1.9691
8900	3.217688	3.241599	6.637150e-05	261395.98	0.2807	2.0057
9000	3.264482	3.239632	6.453058e-05	263709.81	0.2795	1.9881
9100	3.278770	3.239491	6.300061e-05	264170.81	0.3007	1.9847
9200	3.245162	3.236533	6.178337e-05	260415.29	0.2969	2.0133
9300	3.250724	3.235876	6.088030e-05	266559.93	0.2852	1.9669
9400	3.225584	3.236312	6.029244e-05	278155.64	0.3094	1.8849
9500	3.222236	3.234301	6.002049e-05	264873.44	0.2813	1.9794
0	10.979198	10.978234	1.680672e-06	72091.65	10.0060	7.2725
9600	3.291939	3.290405	3.453164e-04	275786.83	0.3889	1.9011
9700	3.212768	3.296727	3.408990e-04	272111.35	0.3303	1.9267
9800	3.298528	3.299375	3.364786e-04	262418.79	0.3637	1.9979
9900	3.244228	3.302301	3.320565e-04	265587.43	0.3893	1.9741
10000	3.321801	3.299486	3.276339e-04	274618.10	0.4095	1.9092
10100	3.300740	3.295136	3.232119e-04	263535.16	0.3878	1.9894
10200	3.198436	3.288987	3.187917e-04	263070.59	0.3554	1.9930
10300	3.329185	3.288131	3.143745e-04	276405.80	0.3665	1.8968
10400	3.295114	3.288929	3.099615e-04	261903.61	0.3557	2.0018
10500	3.204808	3.290709	3.055539e-04	260489.77	0.3604	2.0127
10600	3.391356	3.289978	3.011528e-04	264705.41	0.4562	1.9806
10700	3.261412	3.277268	2.967595e-04	265492.49	0.3331	1.9748
10800	3.261205	3.273908	2.923751e-04	263446.38	0.3419	1.9901
10900	3.305049	3.276544	2.880008e-04	262630.60	0.3648	1.9963
11000	3.263126	3.272799	2.836377e-04	263334.15	0.3140	1.9910
11100	3.174725	3.271609	2.792871e-04	263047.60	0.3345	1.9931
11200	3.157050	3.274739	2.749502e-04	260134.87	0.3889	2.0154
11300	3.110166	3.266767	2.706279e-04	259846.39	0.2988	2.0177
11400	3.291835	3.261593	2.663216e-04	264550.97	0.3383	1.9818
11500	3.252458	3.257697	2.620324e-04	267971.92	0.3319	1.9565
11600	3.250031	3.258466	2.577615e-04	264972.66	0.3607	1.9786
11700	3.245924	3.256153	2.535099e-04	265299.24	0.3150	1.9762
11800	3.232673	3.259441	2.492788e-04	263307.41	0.3666	1.9912
11900	3.042093	3.256597	2.450694e-04	265614.41	0.3426	1.9739
12000	3.226357	3.250311	2.408828e-04	261592.83	0.3566	2.0042
12100	3.266745	3.244658	2.367201e-04	260975.28	0.3365	2.0090
12200	3.246765	3.245760	2.325824e-04	264143.26	0.3562	1.9849
12300	3.274976	3.242400	2.284709e-04	275270.15	0.3370	1.9046
12400	3.144716	3.237145	2.243866e-04	263761.95	0.3193	1.9877
12500	3.167395	3.238952	2.203306e-04	261058.75	0.3326	2.0083
12600	3.071115	3.235188	2.163041e-04	275845.71	0.3248	1.9007
12700	3.047641	3.236430	2.123081e-04	263870.88	0.3540	1.9869
12800	3.208715	3.232123	2.083436e-04	263551.45	0.3126	1.9893
12900	3.181440	3.228372	2.044118e-04	263912.52	0.3582	1.9866
13000	3.246689	3.225220	2.005137e-04	265629.97	0.3234	1.9738
13100	3.266645	3.226194	1.966503e-04	264783.72	0.3525	1.9801
13200	3.182558	3.222865	1.928227e-04	265062.50	0.2982	1.9780
13300	3.081770	3.220790	1.890319e-04	259730.57	0.3398	2.0186
13400	3.065218	3.225655	1.852790e-04	276205.60	0.4203	1.8982
13500	3.194258	3.218546	1.815648e-04	275247.98	0.3354	1.9048
13600	3.179952	3.213947	1.778905e-04	264028.83	0.3362	1.9857
13700	3.207809	3.212626	1.742570e-04	261797.46	0.3227	2.0026
13800	3.188106	3.209716	1.706653e-04	274881.74	0.3037	1.9073
13900	3.217515	3.210104	1.671164e-04	276642.21	0.3410	1.8952
14000	3.174133	3.208925	1.636111e-04	265583.11	0.3103	1.9741
14100	2.946316	3.208254	1.601505e-04	263050.48	0.3372	1.9931
14200	2.925389	3.206405	1.567355e-04	263828.56	0.3175	1.9872
14300	3.214710	3.200747	1.533669e-04	265170.72	0.3428	1.9772
14400	3.205047	3.199419	1.500458e-04	264750.63	0.3369	1.9803
14500	3.253433	3.196374	1.467729e-04	275933.31	0.3504	1.9001
14600	3.171783	3.196746	1.435492e-04	260540.05	0.3096	2.0123
14700	2.992539	3.195003	1.403755e-04	273086.21	0.3672	1.9199
14800	2.970901	3.197684	1.372527e-04	263792.77	0.3245	1.9875
14900	3.224448	3.192872	1.341817e-04	263889.80	0.3841	1.9868
15000	3.184270	3.189525	1.311631e-04	267089.01	0.3403	1.9630
15100	3.208425	3.187415	1.281979e-04	265154.93	0.3443	1.9773
15200	3.125855	3.187594	1.252869e-04	274293.18	0.3532	1.9114
15300	2.954666	3.191635	1.224307e-04	264228.96	0.3367	1.9842
15400	3.176071	3.188751	1.196303e-04	266942.56	0.3602	1.9640
15500	3.163923	3.182043	1.168863e-04	266481.39	0.2992	1.9674
15600	3.154624	3.179077	1.141995e-04	263891.63	0.3109	1.9868
15700	3.109663	3.178442	1.115706e-04	261081.65	0.3181	2.0081
15800	3.147454	3.176279	1.090003e-04	259840.65	0.3019	2.0177
15900	3.149918	3.172517	1.064893e-04	260263.36	0.3175	2.0145
16000	3.193276	3.170740	1.040383e-04	263740.94	0.3442	1.9879
16100	3.172480	3.169883	1.016479e-04	277899.96	0.3194	1.8866
16200	3.197336	3.168965	9.931875e-05	274163.40	0.3312	1.9123
16300	3.185189	3.166572	9.705151e-05	274817.75	0.3581	1.9078
16400	3.164737	3.164512	9.484678e-05	276067.82	0.3201	1.8991
16500	3.226052	3.163977	9.270514e-05	274607.63	0.3488	1.9092
16600	3.172122	3.165073	9.062716e-05	273581.75	0.3089	1.9164
16700	3.107909	3.164444	8.861342e-05	277277.82	0.3320	1.8908
16800	3.094934	3.163756	8.666444e-05	266912.03	0.3245	1.9643
16900	3.119492	3.159176	8.478075e-05	263377.28	0.3247	1.9906
17000	3.139724	3.159402	8.296285e-05	260513.23	0.3559	2.0125
17100	3.171928	3.159022	8.121124e-05	273866.29	0.3382	1.9144
17200	3.166063	3.156436	7.952638e-05	262174.77	0.3364	1.9998
17300	3.133581	3.154547	7.790873e-05	276344.81	0.3176	1.8972
17400	3.077701	3.154318	7.635871e-05	276517.97	0.3614	1.8960
17500	3.153785	3.155393	7.487675e-05	262997.43	0.3438	1.9935
17600	3.199098	3.154344	7.346324e-05	275383.71	0.3035	1.9038
17700	3.139805	3.154215	7.211856e-05	275201.72	0.3088	1.9051
17800	3.128127	3.153455	7.084308e-05	264333.51	0.3496	1.9834
17900	3.201818	3.151634	6.963713e-05	263622.97	0.3291	1.9888
18000	3.166526	3.149539	6.850103e-05	276865.64	0.3038	1.8937
18100	3.183959	3.148230	6.743511e-05	258512.21	0.3119	2.0281
18200	3.165313	3.148816	6.643962e-05	263441.03	0.3211	1.9902
18300	3.141922	3.148474	6.551486e-05	275707.53	0.3040	1.9016
18400	3.132278	3.147870	6.466106e-05	263029.02	0.3195	1.9933
18500	3.201959	3.147296	6.387845e-05	262538.41	0.3399	1.9970
18600	3.174609	3.145672	6.316725e-05	262395.09	0.3481	1.9981
18700	3.113348	3.144551	6.252764e-05	276943.19	0.3278	1.8931
18800	3.141546	3.145256	6.195980e-05	263732.10	0.3236	1.9880
18900	3.148695	3.144511	6.146387e-05	259452.01	0.3370	2.0208
19000	3.164083	3.143734	6.104000e-05	275270.89	0.3257	1.9046
19100	3.123694	3.142899	6.068829e-05	263583.49	0.3492	1.9891
19200	3.115378	3.140426	6.040884e-05	260007.52	0.3314	2.0164
19300	3.143871	3.140497	6.020172e-05	261614.72	0.3427	2.0040
19400	3.164304	3.141063	6.006699e-05	259862.70	0.4989	2.0176
19500	3.127685	3.140632	6.000469e-05	272913.64	0.3421	1.9211
